77603
77603
77603
77678
77703
77702
77740
77765
77771
77759
77745
77746
77746
77735
77756
77766
77788
77820
77852
77856
77869
77904
77930
77971
78009
78044
78058
78076
78144
78175
78248
78273
78301
78269
78254
78232
78183
78160
78186
78187
78212
78224
78255
78288
78269
78191
78286
78286
78488
78802
79070
79358
79644
79756
79984
80094
80140
80715
80812
81015
80972
81020
80930
81286
81415
81421
81363
81313
81327
81278
81230
81127
81155
81224
81264
81349
82423
82430
82436
82422
82423
82425
82427
82430
82433
82475
82471
82468
78884
78884
78864
78881
78914
78894
78910
78923
78910
78851
78788
78763
78740
78740
78743
78709
78632
78626
78692
78719
78715
78679
78717
78768
78798
78858
78889
78933
79010
79032
79086
79111
79191
80831
80815
80788
80785
80774
80759
80762
80760
80753
80744
80744
80740
83579
83579
83579
83549
83549
83549
83247
