1491.37
1491.37
1495.73
1496.79
1497.48
1497.61
1497.74
1497.48
1497.16
1496.56
1495.83
1495.38
1495.24
1495.43
1496.7
1497.12
1498.11
1498.11
1498.11
1498.26
1497.49
1497.25
1498.19
1498.99
1500.04
1500.53
1500.3
1501.11
1501.97
1502.01
1505.72
1506.25
1507.01
1506.27
1506.19
1505.5
1504.54
1502.82
1501.77
1502.32
1502.05
1502.41
1502.95
1502.96
1500.54
1503.2
1504.09
1504.09
1515.97
1520.43
1528.34
1532.65
1545.23
1556.24
1557.75
1558
1559.17
1570.42
1568.57
1578.39
1580.52
1582.13
1584.85
1585.33
1586.88
1586.58
1585.71
1586.93
1588.29
1587.91
1586.8
1582.82
1583.47
1586.47
1587.84
1639.97
1640.33
1640.65
1641.2
1641.37
1641.75
1641.78
1641.73
1641.42
1642.33
1642.62
1642.75
1503.18
1503.18
1498.13
1499.13
1498.99
1499.9
1499.71
1499.47
1498.26
1496.03
1495.3
1494.29
1494.17
1493.25
1491.54
1491.54
1488.08
1487.53
1488.03
1487.09
1487.18
1485.48
1487.84
1488.47
1490.28
1492.92
1494.46
1495.89
1497.11
1497.73
1500.15
1501.55
1547.57
1547.05
1546.42
1546.07
1546.15
1546.09
1545.91
1546.27
1546.33
1546.5
1546.31
1545.92
1571.92
1571.64
1570.95
1570.51
1559.14
